{
  "accessors": [
    {
      "bufferView": 1,
      "componentType": 5126,
      "count": 144,
      "max": [
        5.4061346054077148,
        8.1526851654052734,
        5.4061346054077148
      ],
      "min": [
        -5.4061346054077148,
        1.4921396773335746e-14,
        -5.4061346054077148
      ],
      "type": "VEC3"
    },
    {
      "bufferView": 1,
      "byteOffset": 1728,
      "componentType": 5126,
      "count": 144,
      "max": [
        0.96592593193054199,
        1,
        0.96592593193054199
      ],
      "min": [
        -0.96592593193054199,
        -1,
        -0.96592593193054199
      ],
      "type": "VEC3"
    },
    {
      "bufferView": 2,
      "componentType": 5126,
      "count": 144,
      "max": [
        1,
        0,
        0.96592593193054199,
        1
      ],
      "min": [
        -1,
        0,
        -0.96592593193054199,
        1
      ],
      "type": "VEC4"
    },
    {
      "bufferView": 0,
      "componentType": 5125,
      "count": 288,
      "max": [
        143
      ],
      "min": [
        0
      ],
      "type": "SCALAR"
    },
    {
      "bufferView": 1,
      "byteOffset": 3456,
      "componentType": 5126,
      "count": 32,
      "max": [
        3.5247995853424072,
        7.706974983215332,
        3.0525660514831543
      ],
      "min": [
        -3.5247995853424072,
        4.2632565839671906e-15,
        -3.5247995853424072
      ],
      "type": "VEC3"
    },
    {
      "bufferView": 1,
      "byteOffset": 3840,
      "componentType": 5126,
      "count": 32,
      "max": [
        0.96592593193054199,
        3.9476231068679622e-18,
        0.7071068286895752
      ],
      "min": [
        -0.96592593193054199,
        -3.9476231068679622e-18,
        -0.96592593193054199
      ],
      "type": "VEC3"
    },
    {
      "bufferView": 2,
      "byteOffset": 2304,
      "componentType": 5126,
      "count": 32,
      "max": [
        0.7071068286895752,
        2.2667812108341635e-25,
        0.96592587232589722,
        1
      ],
      "min": [
        -0.96592593193054199,
        -1.5111876793219697e-25,
        -0.96592593193054199,
        1
      ],
      "type": "VEC4"
    },
    {
      "bufferView": 0,
      "byteOffset": 1152,
      "componentType": 5125,
      "count": 48,
      "max": [
        31
      ],
      "min": [
        0
      ],
      "type": "SCALAR"
    },
    {
      "bufferView": 1,
      "byteOffset": 4224,
      "componentType": 5126,
      "count": 1080,
      "max": [
        5.982205867767334,
        1.5985242128372192,
        5.6968612670898438
      ],
      "min": [
        -5.982205867767334,
        0,
        -5.6968612670898438
      ],
      "type": "VEC3"
    },
    {
      "bufferView": 1,
      "byteOffset": 17184,
      "componentType": 5126,
      "count": 1080,
      "max": [
        1,
        1,
        0.99452191591262817
      ],
      "min": [
        -1,
        -1,
        -0.99452191591262817
      ],
      "type": "VEC3"
    },
    {
      "bufferView": 2,
      "byteOffset": 2816,
      "componentType": 5126,
      "count": 1080,
      "max": [
        1,
        0.99906390905380249,
        1,
        1
      ],
      "min": [
        -1,
        -1,
        -1,
        1
      ],
      "type": "VEC4"
    },
    {
      "bufferView": 0,
      "byteOffset": 1344,
      "componentType": 5125,
      "count": 1080,
      "max": [
        1079
      ],
      "min": [
        0
      ],
      "type": "SCALAR"
    },
    {
      "bufferView": 1,
      "byteOffset": 30144,
      "componentType": 5126,
      "count": 225,
      "max": [
        6.9866600036621094,
        4.2605280876159668,
        6.7201023101806641
      ],
      "min": [
        -6.9866600036621094,
        -7.1054274634801203e-16,
        -6.7201023101806641
      ],
      "type": "VEC3"
    },
    {
      "bufferView": 1,
      "byteOffset": 32844,
      "componentType": 5126,
      "count": 225,
      "max": [
        0.96126168966293335,
        1,
        1
      ],
      "min": [
        -0.96126168966293335,
        -1,
        -1
      ],
      "type": "VEC3"
    },
    {
      "bufferView": 2,
      "byteOffset": 20096,
      "componentType": 5126,
      "count": 225,
      "max": [
        1,
        1,
        0.96126174926757812,
        1
      ],
      "min": [
        -1,
        -1,
        -0.96126174926757812,
        1
      ],
      "type": "VEC4"
    },
    {
      "bufferView": 0,
      "byteOffset": 5664,
      "componentType": 5125,
      "count": 258,
      "max": [
        224
      ],
      "min": [
        0
      ],
      "type": "SCALAR"
    },
    {
      "bufferView": 1,
      "byteOffset": 35544,
      "componentType": 5126,
      "count": 146,
      "max": [
        5.8251490592956543,
        -41.292469024658203,
        5.8980698585510254
      ],
      "min": [
        -7.2302179336547852,
        -44.23443603515625,
        -6.5192060470581055
      ],
      "type": "VEC3"
    },
    {
      "bufferView": 1,
      "byteOffset": 37296,
      "componentType": 5126,
      "count": 146,
      "max": [
        0.98863255977630615,
        1,
        1
      ],
      "min": [
        -0.95105654001235962,
        -1,
        -1
      ],
      "type": "VEC3"
    },
    {
      "bufferView": 2,
      "byteOffset": 23696,
      "componentType": 5126,
      "count": 146,
      "max": [
        1,
        1.2170220543339383e-05,
        0.95105659961700439,
        1
      ],
      "min": [
        -1,
        -1.2191191672172863e-05,
        -0.95105659961700439,
        1
      ],
      "type": "VEC4"
    },
    {
      "bufferView": 0,
      "byteOffset": 6696,
      "componentType": 5125,
      "count": 276,
      "max": [
        145
      ],
      "min": [
        0
      ],
      "type": "SCALAR"
    },
    {
      "bufferView": 1,
      "byteOffset": 39048,
      "componentType": 5126,
      "count": 258,
      "max": [
        2.0299715995788574,
        0.58799999952316284,
        -1.0658141036401503e-14
      ],
      "min": [
        -2.0299715995788574,
        -0.58799999952316284,
        -6.0904874801635742
      ],
      "type": "VEC3"
    },
    {
      "bufferView": 1,
      "byteOffset": 42144,
      "componentType": 5126,
      "count": 258,
      "max": [
        0.99759680032730103,
        1,
        1
      ],
      "min": [
        -0.99759680032730103,
        -1,
        -1
      ],
      "type": "VEC3"
    },
    {
      "bufferView": 0,
      "byteOffset": 7800,
      "componentType": 5125,
      "count": 648,
      "max": [
        257
      ],
      "min": [
        0
      ],
      "type": "SCALAR"
    },
    {
      "bufferView": 1,
      "byteOffset": 45240,
      "componentType": 5126,
      "count": 397,
      "max": [
        8.2498073577880859,
        7.9350571632385254,
        -0
      ],
      "min": [
        -8.2498073577880859,
        -7.9350571632385254,
        -35
      ],
      "type": "VEC3"
    },
    {
      "bufferView": 1,
      "byteOffset": 50004,
      "componentType": 5126,
      "count": 397,
      "max": [
        0.99481409788131714,
        0.98693054914474487,
        1
      ],
      "min": [
        -0.9929203987121582,
        -0.98693054914474487,
        -1
      ],
      "type": "VEC3"
    },
    {
      "bufferView": 2,
      "byteOffset": 26032,
      "componentType": 5126,
      "count": 397,
      "max": [
        0.99939090013504028,
        0.99939090013504028,
        0.21688106656074524,
        1
      ],
      "min": [
        -0.99939090013504028,
        -0.99939090013504028,
        -0.21162781119346619,
        1
      ],
      "type": "VEC4"
    },
    {
      "bufferView": 0,
      "byteOffset": 10392,
      "componentType": 5125,
      "count": 1008,
      "max": [
        396
      ],
      "min": [
        0
      ],
      "type": "SCALAR"
    },
    {
      "bufferView": 1,
      "byteOffset": 54768,
      "componentType": 5126,
      "count": 300,
      "max": [
        9.8734035491943359,
        7.1022982597351074,
        11.133523941040039
      ],
      "min": [
        -9.728184700012207,
        -2.8421709853920481e-15,
        -11.172048568725586
      ],
      "type": "VEC3"
    },
    {
      "bufferView": 1,
      "byteOffset": 58368,
      "componentType": 5126,
      "count": 300,
      "max": [
        0.99962085485458374,
        1,
        0.99908208847045898
      ],
      "min": [
        -0.99962085485458374,
        -1,
        -0.99908208847045898
      ],
      "type": "VEC3"
    },
    {
      "bufferView": 2,
      "byteOffset": 32384,
      "componentType": 5126,
      "count": 300,
      "max": [
        0.99908202886581421,
        0.72959131002426147,
        0.9634215235710144,
        1
      ],
      "min": [
        -0.99908208847045898,
        -1,
        -0.9634215235710144,
        1
      ],
      "type": "VEC4"
    },
    {
      "bufferView": 0,
      "byteOffset": 14424,
      "componentType": 5125,
      "count": 306,
      "max": [
        299
      ],
      "min": [
        0
      ],
      "type": "SCALAR"
    }
  ],
  "asset": {
    "extras": {
      "author": "FLAREMEDIA (https://sketchfab.com/flaremedia)",
      "license": "CC-BY-4.0 (http://creativecommons.org/licenses/by/4.0/)",
      "source": "https://sketchfab.com/models/8cbfa6920c8e45a9a9abf37adb74dbf8",
      "title": "Lighthouse, Low Poly"
    },
    "generator": "Sketchfab-3.18.6",
    "version": "2.0"
  },
  "bufferViews": [
    {
      "buffer": 0,
      "byteLength": 15648,
      "byteOffset": 0,
      "name": "floatBufferViews",
      "target": 34963
    },
    {
      "buffer": 0,
      "byteLength": 61968,
      "byteOffset": 15648,
      "byteStride": 12,
      "name": "floatBufferViews",
      "target": 34962
    },
    {
      "buffer": 0,
      "byteLength": 37184,
      "byteOffset": 77616,
      "byteStride": 16,
      "name": "floatBufferViews",
      "target": 34962
    }
  ],
  "buffers": [
    {
      "byteLength": 114800,
      "uri": "scene.bin"
    }
  ],
  "materials": [
    {
      "doubleSided": true,
      "emissiveFactor": [
        0,
        0,
        0
      ],
      "name": "Glass",
      "pbrMetallicRoughness": {
        "baseColorFactor": [
          0.80000000000000004,
          0.80000000000000004,
          0.80000000000000004,
          1
        ],
        "metallicFactor": 0,
        "roughnessFactor": 0.59999999999999998
      }
    },
    {
      "doubleSided": true,
      "emissiveFactor": [
        0,
        0,
        0
      ],
      "name": "Mat.4",
      "pbrMetallicRoughness": {
        "baseColorFactor": [
          0.73999999999999999,
          0.73999999999999999,
          0.73999999999999999,
          1
        ],
        "metallicFactor": 0,
        "roughnessFactor": 0.59999999999999998
      }
    },
    {
      "doubleSided": true,
      "emissiveFactor": [
        0,
        0,
        0
      ],
      "name": "Mat.1",
      "pbrMetallicRoughness": {
        "baseColorFactor": [
          0.93999999999999995,
          1,
          0.94099999999999995,
          1
        ],
        "metallicFactor": 0,
        "roughnessFactor": 0.59999999999999998
      }
    },
    {
      "doubleSided": true,
      "emissiveFactor": [
        0,
        0,
        0
      ],
      "name": "Mat.1_0",
      "pbrMetallicRoughness": {
        "baseColorFactor": [
          1,
          0.42199999999999999,
          0.32000000000000001,
          1
        ],
        "metallicFactor": 0,
        "roughnessFactor": 0.59999999999999998
      }
    }
  ],
  "meshes": [
    {
      "name": "Tube_Glass_0",
      "primitives": [
        {
          "attributes": {
            "NORMAL": 1,
            "POSITION": 0,
            "TANGENT": 2
          },
          "indices": 3,
          "material": 0,
          "mode": 4
        }
      ]
    },
    {
      "name": "Tube_1_Mat.4_0",
      "primitives": [
        {
          "attributes": {
            "NORMAL": 5,
            "POSITION": 4,
            "TANGENT": 6
          },
          "indices": 7,
          "material": 1,
          "mode": 4
        }
      ]
    },
    {
      "name": "Array_1_Mat.1_0",
      "primitives": [
        {
          "attributes": {
            "NORMAL": 9,
            "POSITION": 8,
            "TANGENT": 10
          },
          "indices": 11,
          "material": 2,
          "mode": 4
        }
      ]
    },
    {
      "name": "Sphere_1_Mat.1_0",
      "primitives": [
        {
          "attributes": {
            "NORMAL": 13,
            "POSITION": 12,
            "TANGENT": 14
          },
          "indices": 15,
          "material": 3,
          "mode": 4
        }
      ]
    },
    {
      "name": "Cylinder_2_Mat.1_0",
      "primitives": [
        {
          "attributes": {
            "NORMAL": 17,
            "POSITION": 16,
            "TANGENT": 18
          },
          "indices": 19,
          "material": 3,
          "mode": 4
        }
      ]
    },
    {
      "name": "Door_Mat.1_0",
      "primitives": [
        {
          "attributes": {
            "NORMAL": 21,
            "POSITION": 20
          },
          "indices": 22,
          "material": 2,
          "mode": 4
        }
      ]
    },
    {
      "name": "Boole_1_Mat.1_0",
      "primitives": [
        {
          "attributes": {
            "NORMAL": 24,
            "POSITION": 23,
            "TANGENT": 25
          },
          "indices": 26,
          "material": 2,
          "mode": 4
        }
      ]
    },
    {
      "name": "Stairs_1_Mat.1_0",
      "primitives": [
        {
          "attributes": {
            "NORMAL": 28,
            "POSITION": 27,
            "TANGENT": 29
          },
          "indices": 30,
          "material": 2,
          "mode": 4
        }
      ]
    }
  ],
  "nodes": [
    {
      "children": [
        1
      ],
      "name": "RootNode (gltf orientation matrix)",
      "rotation": [
        -0.70710678118654746,
        -0,
        -0,
        0.70710678118654757
      ]
    },
    {
      "children": [
        2
      ],
      "name": "RootNode (model correction matrix)"
    },
    {
      "children": [
        3
      ],
      "matrix": [
        1,
        0,
        0,
        0,
        0,
        0,
        1,
        0,
        0,
        -1,
        0,
        0,
        0,
        0,
        0,
        1
      ],
      "name": "90e1372a0c0248d592d04ee53b43f19e.fbx"
    },
    {
      "children": [
        4
      ],
      "name": "RootNode"
    },
    {
      "children": [
        5,
        8,
        11,
        13,
        15,
        17,
        19,
        21,
        23,
        25
      ],
      "name": "Lighthouse"
    },
    {
      "children": [
        6
      ],
      "matrix": [
        -0.60459911486237683,
        1.1102230246251565e-16,
        -0.79652991802419493,
        0,
        0.79652991802419493,
        -4.4408920985006262e-16,
        -0.60459911486237683,
        0,
        -3.3306690738754696e-16,
        -1.0000000000000002,
        1.1102230246251565e-16,
        0,
        1.1927731037139893,
        49.366924285888672,
        0.26151621341705322,
        1
      ],
      "name": "Light_1"
    },
    {
      "children": [
        7
      ],
      "matrix": [
        1,
        0,
        0,
        0,
        0,
        2.2204460492503131e-16,
        1,
        0,
        0,
        -1,
        2.2204460492503131e-16,
        0,
        0,
        0,
        0,
        1
      ],
      "name": ""
    },
    {
      "name": ""
    },
    {
      "children": [
        9
      ],
      "matrix": [
        -0.99705275222692014,
        1.1796119636642288e-16,
        0.076719028126820854,
        0,
        -0.076719028126820854,
        0,
        -0.99705275222692014,
        0,
        -1.1796119636642288e-16,
        -1,
        0,
        0,
        1.1927731037139893,
        49.366924285888672,
        0.26151621341705322,
        1
      ],
      "name": "Light"
    },
    {
      "children": [
        10
      ],
      "matrix": [
        1,
        0,
        0,
        0,
        0,
        2.2204460492503131e-16,
        1,
        0,
        0,
        -1,
        2.2204460492503131e-16,
        0,
        0,
        0,
        0,
        1
      ],
      "name": ""
    },
    {
      "name": ""
    },
    {
      "children": [
        12
      ],
      "matrix": [
        -0.34202014332566621,
        4.1885387376769579e-17,
        -0.93969262078590954,
        0,
        2.3754383593752052e-16,
        1,
        -4.1885387376769579e-17,
        0,
        0.93969262078590954,
        -2.3754383593752052e-16,
        -0.34202014332566621,
        0,
        1.1527646780014038,
        45.470211029052734,
        0.35847076773643494,
        1
      ],
      "name": "Tube"
    },
    {
      "mesh": 0,
      "name": "Tube_Glass_0"
    },
    {
      "children": [
        14
      ],
      "matrix": [
        0.96316256679765744,
        0,
        0.26891982061526826,
        0,
        -3.2933179754376873e-17,
        1,
        1.1795339544873e-16,
        0,
        -0.26891982061526826,
        -1.2246467991473532e-16,
        0.96316256679765744,
        0,
        1.1527646780014038,
        45.693065643310547,
        0.35847076773643494,
        1
      ],
      "name": "Tube_1"
    },
    {
      "mesh": 1,
      "name": "Tube_1_Mat.4_0"
    },
    {
      "children": [
        16
      ],
      "matrix": [
        0.99825489039157334,
        0,
        -0.059052297239885816,
        0,
        0,
        1,
        0,
        0,
        0.059052297239885816,
        0,
        0.99825489039157334,
        0,
        1.1467403173446655,
        45.884815216064453,
        0.3587043285369873,
        1
      ],
      "name": "Array_1"
    },
    {
      "mesh": 2,
      "name": "Array_1_Mat.1_0"
    },
    {
      "children": [
        18
      ],
      "matrix": [
        1,
        0,
        0,
        0,
        0,
        1,
        0,
        0,
        0,
        0,
        1,
        0,
        1.1527646780014038,
        52.859291076660156,
        0.35847076773643494,
        1
      ],
      "name": "Sphere_1"
    },
    {
      "mesh": 3,
      "name": "Sphere_1_Mat.1_0"
    },
    {
      "children": [
        20
      ],
      "matrix": [
        0.3420201433256681,
        -2.4492935982947035e-16,
        0.93969262078590865,
        0,
        -1.8373903050900134e-16,
        -1,
        -1.9377284257907085e-16,
        0,
        0.93969262078590865,
        -1.0638399572814956e-16,
        -0.34202014332566799,
        0,
        1.6852995157241821,
        1.6919896602630615,
        0.9122655987739563,
        1
      ],
      "name": "Cylinder_2"
    },
    {
      "mesh": 4,
      "name": "Cylinder_2_Mat.1_0"
    },
    {
      "children": [
        22
      ],
      "matrix": [
        0.27793213679883411,
        2.2204460492503131e-16,
        -0.96060071170826966,
        0,
        0.96060071170826966,
        -6.6613381477509392e-16,
        0.27793213679883405,
        0,
        -5.5511151231257827e-16,
        -1,
        -4.4408920985006262e-16,
        0,
        -6.0549125671386719,
        8.2822265625,
        -1.9105962514877319,
        1
      ],
      "name": "Door"
    },
    {
      "mesh": 5,
      "name": "Door_Mat.1_0"
    },
    {
      "children": [
        24
      ],
      "matrix": [
        1,
        0,
        0,
        0,
        0,
        2.2204460492503131e-16,
        1,
        0,
        0,
        -1,
        2.2204460492503131e-16,
        0,
        1.1487354040145874,
        8.0299758911132812,
        0.36823534965515137,
        1
      ],
      "name": "Boole_1"
    },
    {
      "mesh": 6,
      "name": "Boole_1_Mat.1_0"
    },
    {
      "children": [
        26
      ],
      "matrix": [
        0.23420465068227059,
        2.4651903288156619e-32,
        -0.97218731816394088,
        0,
        2.9513461357646212e-16,
        1,
        7.1099363039897368e-17,
        0,
        0.97218731816394088,
        -3.0357792995474283e-16,
        0.23420465068227059,
        0,
        -0.50402551889419556,
        1.2019470930099487,
        0.044763732701539993,
        1
      ],
      "name": "Stairs_1"
    },
    {
      "mesh": 7,
      "name": "Stairs_1_Mat.1_0"
    }
  ],
  "scene": 0,
  "scenes": [
    {
      "name": "OSG_Scene",
      "nodes": [
        0
      ]
    }
  ]
}

